17.119232177734375
16.641907930374146
16.926790714263916
16.648836374282837
16.671236753463745
16.74167823791504
16.983254194259644
17.16740894317627
18.05530571937561
17.211779832839966
17.909099340438843
17.843043327331543
17.927023887634277
18.130167484283447
18.235799312591553
17.347753047943115
17.797444820404053
18.18653130531311
18.219037294387817
18.07757568359375
18.33175802230835
16.86399507522583
17.06092095375061
18.385982036590576
18.43810272216797
18.307756662368774
18.337332725524902
18.0681574344635
16.998711585998535
16.923351287841797
17.8933048248291
18.345389366149902
16.96314764022827
16.944528818130493
16.760897159576416
17.13071322441101
18.178061485290527
17.412753582000732
18.162229299545288
18.09396505355835
17.627636671066284
18.08720374107361
18.23467993736267
18.299463272094727
17.94372820854187
17.444124221801758
17.77490997314453
18.03913140296936
16.70873188972473
16.57554793357849
Moyenne : 17.60354245185852