0.1809072494506836
0.18027925491333008
0.17194437980651855
0.165266752243042
0.17210674285888672
0.17066740989685059
0.1799333095550537
0.17787837982177734
0.16918373107910156
0.1662130355834961
0.15958142280578613
0.16724205017089844
0.1614060401916504
0.17055845260620117
0.16330790519714355
0.16747021675109863
0.15886211395263672
0.1704237461090088
0.15940237045288086
0.16890954971313477
0.1590592861175537
0.16949105262756348
0.15753388404846191
0.16933488845825195
0.15669703483581543
0.16571617126464844
0.15770983695983887
0.17026734352111816
0.16087794303894043
0.16601848602294922
0.15844488143920898
0.16979169845581055
0.1580057144165039
0.1639702320098877
0.1691601276397705
0.17729449272155762
0.15810203552246094
0.1717696189880371
0.16092753410339355
0.16589069366455078
0.15774202346801758
0.17258453369140625
0.15947413444519043
0.16763901710510254
0.1596066951751709
0.16873478889465332
0.15829968452453613
0.16858530044555664
0.15958881378173828
0.16646695137023926
0.15949630737304688
0.17233824729919434
0.15974974632263184
0.16673898696899414
0.16349411010742188
0.1672675609588623
0.15894055366516113
0.16744112968444824
0.15978455543518066
0.16566181182861328
0.16591906547546387
0.1691274642944336
0.1578059196472168
0.1687319278717041
0.15867948532104492
0.16921043395996094
0.16200017929077148
0.1670219898223877
0.16309523582458496
0.16485881805419922
0.15848779678344727
0.17181801795959473
0.15897059440612793
0.16878128051757812
0.1662890911102295
0.16875767707824707
0.15970849990844727
0.16610074043273926
0.15710735321044922
0.16840028762817383
0.16167545318603516
0.17013835906982422
0.1729750633239746
0.1840372085571289
0.17870378494262695
0.18228745460510254
0.18207955360412598
0.17094063758850098
0.16353225708007812
0.1579890251159668
0.17147016525268555
0.16228842735290527
0.18290138244628906
0.18079590797424316
0.18230843544006348
0.16416692733764648
0.16048121452331543
0.16071033477783203
0.16649818420410156
0.15766549110412598
Moyenne : 0.16651759147644044