1.6927719116210938e-05
1.5974044799804688e-05
1.4781951904296875e-05
1.4066696166992188e-05
1.3589859008789062e-05
1.3113021850585938e-05
1.430511474609375e-05
1.4066696166992188e-05
6.29425048828125e-05
1.621246337890625e-05
1.4543533325195312e-05
1.4781951904296875e-05
1.3113021850585938e-05
1.4781951904296875e-05
1.5735626220703125e-05
1.3828277587890625e-05
1.4543533325195312e-05
1.430511474609375e-05
1.5497207641601562e-05
1.4781951904296875e-05
1.4781951904296875e-05
4.1484832763671875e-05
1.5497207641601562e-05
1.621246337890625e-05
1.5020370483398438e-05
1.5020370483398438e-05
1.3589859008789062e-05
1.4543533325195312e-05
1.4781951904296875e-05
1.430511474609375e-05
1.3828277587890625e-05
2.8848648071289062e-05
1.5497207641601562e-05
1.4543533325195312e-05
1.5497207641601562e-05
1.3113021850585938e-05
1.3828277587890625e-05
1.6450881958007812e-05
1.3589859008789062e-05
1.5735626220703125e-05
1.2636184692382812e-05
1.5497207641601562e-05
1.52587890625e-05
1.5020370483398438e-05
1.5735626220703125e-05
3.7670135498046875e-05
3.337860107421875e-05
5.14984130859375e-05
1.3589859008789062e-05
3.552436828613281e-05
1.6689300537109375e-05
1.5020370483398438e-05
1.71661376953125e-05
1.5974044799804688e-05
1.5020370483398438e-05
1.5735626220703125e-05
1.5735626220703125e-05
1.5020370483398438e-05
1.6450881958007812e-05
3.075599670410156e-05
1.71661376953125e-05
1.5974044799804688e-05
1.4543533325195312e-05
1.811981201171875e-05
1.7642974853515625e-05
1.5974044799804688e-05
3.361701965332031e-05
1.811981201171875e-05
1.621246337890625e-05
1.4543533325195312e-05
1.6689300537109375e-05
1.6450881958007812e-05
1.33514404296875e-05
1.5735626220703125e-05
1.52587890625e-05
1.71661376953125e-05
1.71661376953125e-05
1.4066696166992188e-05
1.5497207641601562e-05
1.621246337890625e-05
1.4066696166992188e-05
1.6927719116210938e-05
1.9788742065429688e-05
1.621246337890625e-05
1.7881393432617188e-05
1.6450881958007812e-05
1.430511474609375e-05
1.6450881958007812e-05
1.4781951904296875e-05
1.621246337890625e-05
1.8358230590820312e-05
1.4781951904296875e-05
1.4781951904296875e-05
1.4066696166992188e-05
3.4332275390625e-05
1.5497207641601562e-05
1.5974044799804688e-05
1.430511474609375e-05
1.4781951904296875e-05
1.5497207641601562e-05
Moyenne : 1.7724037170410157e-05