0.001413106918334961
0.0013492107391357422
0.0014450550079345703
0.001514434814453125
0.0016112327575683594
0.0014328956604003906
0.0014541149139404297
0.0013744831085205078
0.0012788772583007812
0.0015103816986083984
0.0014433860778808594
0.001377105712890625
0.001367807388305664
0.0014836788177490234
0.0015711784362792969
0.0014405250549316406
0.0015175342559814453
0.0014955997467041016
0.0014925003051757812
0.001434326171875
0.0015103816986083984
0.0016360282897949219
0.0014853477478027344
0.0013561248779296875
0.001384735107421875
0.0014297962188720703
0.001443624496459961
0.001497030258178711
0.0015020370483398438
0.0014390945434570312
0.001321554183959961
0.001390218734741211
0.0013413429260253906
0.0014467239379882812
0.0014743804931640625
0.001497507095336914
0.0015482902526855469
0.0013949871063232422
0.0014493465423583984
0.0014750957489013672
0.0015192031860351562
0.0014350414276123047
0.0014259815216064453
0.001447439193725586
0.0014541149139404297
0.0014264583587646484
0.001497030258178711
0.0014863014221191406
0.0014393329620361328
0.001430511474609375
0.0014600753784179688
0.0014450550079345703
0.001455068588256836
0.0014767646789550781
0.0014445781707763672
0.0014183521270751953
0.001398324966430664
0.0014083385467529297
0.0013611316680908203
0.0013470649719238281
0.0014770030975341797
0.0014393329620361328
0.0015048980712890625
0.0013585090637207031
0.0013718605041503906
0.0014271736145019531
0.0013666152954101562
0.0013935565948486328
0.0013914108276367188
0.0014607906341552734
0.001451730728149414
0.0015125274658203125
0.001352548599243164
0.0014181137084960938
0.0013453960418701172
0.0013282299041748047
0.0013720989227294922
0.0015072822570800781
0.00138092041015625
0.001436471939086914
0.0014431476593017578
0.0014889240264892578
0.0016453266143798828
0.0014913082122802734
0.0014271736145019531
0.0016379356384277344
0.0015039443969726562
0.0015845298767089844
0.0015506744384765625
0.001500844955444336
0.001489400863647461
0.0013680458068847656
0.0014679431915283203
0.0014753341674804688
0.0015804767608642578
0.0015053749084472656
0.0016944408416748047
0.0016629695892333984
0.0014958381652832031
0.001928091049194336
Moyenne : 0.0014604544639587403