1.3269391059875488
1.2097322940826416
1.1841108798980713
1.274932861328125
1.2139489650726318
1.1724212169647217
1.222071886062622
1.2936933040618896
1.383488416671753
1.373192310333252
1.243006706237793
1.3492724895477295
1.2723956108093262
1.3788442611694336
1.2253682613372803
1.1833198070526123
1.3288631439208984
1.3425555229187012
1.4390957355499268
1.3223655223846436
1.3111467361450195
1.3290948867797852
1.323998212814331
1.4053325653076172
1.3645052909851074
1.3008460998535156
1.2941064834594727
1.278369426727295
1.291541576385498
1.3093860149383545
1.2926697731018066
1.2731049060821533
1.3614625930786133
1.3014426231384277
1.187025785446167
1.319758415222168
1.2963018417358398
1.2264623641967773
1.4471943378448486
1.2907841205596924
1.2828898429870605
1.383082389831543
1.272326946258545
1.4375228881835938
1.2661244869232178
1.2887861728668213
1.3405489921569824
1.2948648929595947
1.3407261371612549
1.1859486103057861
Moyenne : 1.3007394742965699