0.014440298080444336
0.01067042350769043
0.011003732681274414
0.01111459732055664
0.01082468032836914
0.013962745666503906
0.01168203353881836
0.011260986328125
0.010257244110107422
0.009978532791137695
0.016531944274902344
0.010730743408203125
0.01027536392211914
0.010651111602783203
0.010608673095703125
0.010632991790771484
0.010290145874023438
0.011210203170776367
0.01014566421508789
0.011646509170532227
0.010397195816040039
0.010325431823730469
0.01130056381225586
0.01024770736694336
0.010381698608398438
0.01016688346862793
0.011580467224121094
0.010641336441040039
0.010316133499145508
0.011318206787109375
0.010895013809204102
0.011562347412109375
0.01010274887084961
0.010671138763427734
0.012024879455566406
0.010347843170166016
0.010435342788696289
0.015198230743408203
0.010706901550292969
0.011238336563110352
0.01071929931640625
0.01023244857788086
0.010315179824829102
0.010062932968139648
0.010649919509887695
0.010390758514404297
0.011265039443969727
0.010520458221435547
0.010335922241210938
0.010648250579833984
0.010309934616088867
0.01080465316772461
0.01019597053527832
0.010554313659667969
0.011137008666992188
0.010672330856323242
0.010170221328735352
0.009881258010864258
0.010812997817993164
0.010260343551635742
0.010514020919799805
0.010427713394165039
0.010310649871826172
0.017040491104125977
0.010253429412841797
0.01025533676147461
0.010632753372192383
0.010906457901000977
0.011737823486328125
0.010263681411743164
0.010345697402954102
0.01040959358215332
0.010569334030151367
0.012794256210327148
0.0103607177734375
0.011313676834106445
0.010314464569091797
0.010477542877197266
0.010434150695800781
0.010003805160522461
0.010872125625610352
0.010610580444335938
0.013076066970825195
0.012514114379882812
0.011221170425415039
0.011552810668945312
0.013130903244018555
0.011533260345458984
0.010280370712280273
0.010181427001953125
0.015358924865722656
0.011586427688598633
0.012645721435546875
0.011806249618530273
0.012205839157104492
0.010305643081665039
0.010308980941772461
0.011455535888671875
0.010619640350341797
0.010397195816040039
Moyenne : 0.011087448596954345