0.0005142688751220703
0.00033473968505859375
0.0003333091735839844
0.0003292560577392578
0.0003688335418701172
0.00039839744567871094
0.00048279762268066406
0.0003256797790527344
0.0003941059112548828
0.0003440380096435547
0.00036263465881347656
0.0003249645233154297
0.0003247261047363281
0.00037980079650878906
0.0004239082336425781
0.0004425048828125
0.00037169456481933594
0.0003631114959716797
0.0003800392150878906
0.00046133995056152344
0.00037407875061035156
0.0003807544708251953
0.0003485679626464844
0.0003733634948730469
0.0004076957702636719
0.00041604042053222656
0.00034427642822265625
0.0003917217254638672
0.0003802776336669922
0.0003418922424316406
0.0003445148468017578
0.0003724098205566406
0.0004086494445800781
0.0005671977996826172
0.0003261566162109375
0.0003235340118408203
0.0004267692565917969
0.0004277229309082031
0.0003800392150878906
0.0003962516784667969
0.00034737586975097656
0.0003662109375
0.00043773651123046875
0.0004456043243408203
0.0003409385681152344
0.00034332275390625
0.000347137451171875
0.000347137451171875
0.00041961669921875
0.0004291534423828125
0.0003771781921386719
0.00034689903259277344
0.0003809928894042969
0.0003445148468017578
0.000339508056640625
0.0004258155822753906
0.0004222393035888672
0.0004284381866455078
0.0003457069396972656
0.00034809112548828125
0.0003459453582763672
0.000347137451171875
0.0003418922424316406
0.00034689903259277344
0.00039196014404296875
0.00039124488830566406
0.00040721893310546875
0.00041174888610839844
0.0003437995910644531
0.00036597251892089844
0.0003235340118408203
0.00032401084899902344
0.00032401084899902344
0.0003254413604736328
0.0003879070281982422
0.0003600120544433594
0.0003972053527832031
0.0003688335418701172
0.00031948089599609375
0.0003654956817626953
0.00035762786865234375
0.0003235340118408203
0.0004558563232421875
0.0003669261932373047
0.00038051605224609375
0.00034618377685546875
0.00041675567626953125
0.00035119056701660156
0.00035071372985839844
0.0004153251647949219
0.00041031837463378906
0.00038814544677734375
0.0003979206085205078
0.0004067420959472656
0.0005173683166503906
0.0004131793975830078
0.0005409717559814453
0.0003688335418701172
0.0003504753112792969
0.0005948543548583984
Moyenne : 0.0003831887245178223