2.0503997802734375e-05
5.841255187988281e-05
1.5735626220703125e-05
1.5735626220703125e-05
1.5497207641601562e-05
1.5497207641601562e-05
1.6450881958007812e-05
1.5735626220703125e-05
3.147125244140625e-05
1.6450881958007812e-05
1.52587890625e-05
1.5735626220703125e-05
1.4066696166992188e-05
1.5497207641601562e-05
1.621246337890625e-05
3.0994415283203125e-05
1.621246337890625e-05
1.52587890625e-05
1.5497207641601562e-05
1.5497207641601562e-05
1.5974044799804688e-05
1.621246337890625e-05
1.5974044799804688e-05
1.6927719116210938e-05
1.4066696166992188e-05
1.6689300537109375e-05
1.5974044799804688e-05
1.5974044799804688e-05
1.6450881958007812e-05
1.621246337890625e-05
1.6689300537109375e-05
1.5735626220703125e-05
1.6450881958007812e-05
1.5020370483398438e-05
3.743171691894531e-05
1.4781951904296875e-05
1.5497207641601562e-05
1.621246337890625e-05
1.4781951904296875e-05
1.6450881958007812e-05
1.4066696166992188e-05
1.5020370483398438e-05
1.5735626220703125e-05
1.621246337890625e-05
1.5735626220703125e-05
3.218650817871094e-05
1.7404556274414062e-05
1.7642974853515625e-05
1.5735626220703125e-05
5.125999450683594e-05
1.7642974853515625e-05
1.6927719116210938e-05
1.811981201171875e-05
1.7881393432617188e-05
1.7404556274414062e-05
1.7642974853515625e-05
1.7404556274414062e-05
1.6689300537109375e-05
3.123283386230469e-05
1.71661376953125e-05
1.5497207641601562e-05
1.6450881958007812e-05
1.5735626220703125e-05
3.743171691894531e-05
1.8358230590820312e-05
1.7642974853515625e-05
1.7881393432617188e-05
1.9550323486328125e-05
1.7404556274414062e-05
3.7670135498046875e-05
1.7642974853515625e-05
1.621246337890625e-05
1.621246337890625e-05
1.7404556274414062e-05
1.71661376953125e-05
1.7881393432617188e-05
1.6927719116210938e-05
1.6927719116210938e-05
1.7642974853515625e-05
1.6689300537109375e-05
1.5497207641601562e-05
1.7642974853515625e-05
1.8596649169921875e-05
1.7404556274414062e-05
3.790855407714844e-05
1.7404556274414062e-05
1.5735626220703125e-05
1.621246337890625e-05
1.7404556274414062e-05
1.7404556274414062e-05
1.7404556274414062e-05
1.6450881958007812e-05
3.266334533691406e-05
1.6450881958007812e-05
1.621246337890625e-05
1.6450881958007812e-05
1.5974044799804688e-05
6.699562072753906e-05
1.5735626220703125e-05
1.5735626220703125e-05
Moyenne : 1.9359588623046876e-05