1.4066696166992188e-05
9.775161743164062e-06
1.3113021850585938e-05
9.775161743164062e-06
1.0013580322265625e-05
9.775161743164062e-06
9.775161743164062e-06
9.059906005859375e-06
2.9325485229492188e-05
1.0728836059570312e-05
9.059906005859375e-06
1.2874603271484375e-05
1.049041748046875e-05
9.775161743164062e-06
8.106231689453125e-06
1.0013580322265625e-05
1.0251998901367188e-05
1.1444091796875e-05
1.2636184692382812e-05
9.298324584960938e-06
8.821487426757812e-06
2.7894973754882812e-05
9.5367431640625e-06
1.049041748046875e-05
1.1444091796875e-05
1.0967254638671875e-05
8.106231689453125e-06
9.5367431640625e-06
1.0728836059570312e-05
9.775161743164062e-06
1.0728836059570312e-05
1.0967254638671875e-05
9.775161743164062e-06
1.1682510375976562e-05
1.430511474609375e-05
1.0251998901367188e-05
1.0728836059570312e-05
1.0251998901367188e-05
1.0728836059570312e-05
1.0251998901367188e-05
1.1205673217773438e-05
1.0251998901367188e-05
1.2159347534179688e-05
8.821487426757812e-06
1.1444091796875e-05
1.0013580322265625e-05
1.049041748046875e-05
1.239776611328125e-05
1.0967254638671875e-05
1.0967254638671875e-05
1.1444091796875e-05
8.58306884765625e-06
1.1682510375976562e-05
1.1205673217773438e-05
9.298324584960938e-06
1.4066696166992188e-05
1.0967254638671875e-05
1.0251998901367188e-05
3.075599670410156e-05
1.1920928955078125e-05
1.1205673217773438e-05
1.0728836059570312e-05
1.2636184692382812e-05
1.0251998901367188e-05
1.049041748046875e-05
1.1205673217773438e-05
9.298324584960938e-06
1.1444091796875e-05
1.1920928955078125e-05
2.86102294921875e-05
1.2874603271484375e-05
1.0728836059570312e-05
1.0967254638671875e-05
1.0728836059570312e-05
1.1444091796875e-05
1.2636184692382812e-05
1.0251998901367188e-05
1.0251998901367188e-05
1.049041748046875e-05
1.239776611328125e-05
9.298324584960938e-06
3.147125244140625e-05
3.170967102050781e-05
1.3113021850585938e-05
1.4066696166992188e-05
2.6464462280273438e-05
8.821487426757812e-06
1.1920928955078125e-05
9.059906005859375e-06
1.0251998901367188e-05
1.2874603271484375e-05
9.5367431640625e-06
1.2636184692382812e-05
1.239776611328125e-05
1.2159347534179688e-05
1.3113021850585938e-05
1.1205673217773438e-05
1.3589859008789062e-05
1.0251998901367188e-05
1.3113021850585938e-05
Moyenne : 1.222848892211914e-05