0.0348360538482666
0.03438234329223633
0.03420233726501465
0.032247304916381836
0.03245997428894043
0.0356142520904541
0.03461194038391113
0.03490948677062988
0.03721976280212402
0.03810620307922363
0.03532052040100098
0.03388524055480957
0.03438544273376465
0.03546929359436035
0.03424692153930664
0.03499579429626465
0.035741567611694336
0.03656649589538574
0.03465747833251953
0.039150238037109375
0.0405123233795166
0.03325605392456055
0.03488516807556152
0.03349590301513672
0.03545260429382324
0.03955197334289551
0.037845611572265625
0.03271937370300293
0.03357100486755371
0.038115501403808594
0.03937530517578125
0.035527944564819336
0.04217696189880371
0.03711843490600586
0.03485727310180664
0.037430763244628906
0.036719322204589844
0.036298274993896484
0.036400556564331055
0.03687262535095215
0.03381657600402832
0.04900717735290527
0.0380091667175293
0.04044198989868164
0.03575253486633301
0.03491663932800293
0.03823065757751465
0.03424358367919922
0.03351426124572754
0.03189563751220703
Moyenne : 0.036100397109985354