0.0026895999908447266
0.0026595592498779297
0.0026674270629882812
0.0024552345275878906
0.002887248992919922
0.002874135971069336
0.003030061721801758
0.002735614776611328
0.0024881362915039062
0.0025954246520996094
0.002537965774536133
0.002593517303466797
0.0024759769439697266
0.0024149417877197266
0.002797365188598633
0.0027227401733398438
0.0025870800018310547
0.0026922225952148438
0.002658843994140625
0.0028498172760009766
0.0027065277099609375
0.002384662628173828
0.0028963088989257812
0.0023801326751708984
0.0025053024291992188
0.0023114681243896484
0.0032286643981933594
0.002751588821411133
0.002881765365600586
0.002432584762573242
0.0026159286499023438
0.0024819374084472656
0.0026297569274902344
0.0027265548706054688
0.0029494762420654297
0.0027794837951660156
0.0025734901428222656
0.0024242401123046875
0.002685546875
0.0028276443481445312
0.003475189208984375
0.002530336380004883
0.0026328563690185547
0.0026140213012695312
0.0025124549865722656
0.002537965774536133
0.0031890869140625
0.0027265548706054688
0.002343893051147461
0.002591371536254883
0.002634286880493164
0.0027170181274414062
0.002322673797607422
0.0026276111602783203
0.0026314258575439453
0.0025811195373535156
0.002511262893676758
0.002593994140625
0.002583742141723633
0.002490520477294922
0.002620697021484375
0.002677440643310547
0.0026400089263916016
0.0025103092193603516
0.002602815628051758
0.0027632713317871094
0.002378702163696289
0.002519845962524414
0.0027189254760742188
0.0024819374084472656
0.0024766921997070312
0.0023245811462402344
0.0022780895233154297
0.002638101577758789
0.0026001930236816406
0.0026044845581054688
0.0029692649841308594
0.0026569366455078125
0.0023734569549560547
0.002656221389770508
0.002544403076171875
0.002481698989868164
0.0028030872344970703
0.0038373470306396484
0.0028858184814453125
0.0026400089263916016
0.002530813217163086
0.002392292022705078
0.002660512924194336
0.0025908946990966797
0.0027015209197998047
0.0028505325317382812
0.0025682449340820312
0.002592325210571289
0.003011941909790039
0.0024912357330322266
0.002619504928588867
0.002860546112060547
0.0024399757385253906
0.002787351608276367
Moyenne : 0.0026521539688110353