0.0001480579376220703
0.00020551681518554688
0.00018310546875
0.000148773193359375
0.00018167495727539062
0.00014543533325195312
0.00016736984252929688
0.00021696090698242188
0.0001571178436279297
0.00017833709716796875
0.00015020370483398438
0.00015163421630859375
0.00017523765563964844
0.00013875961303710938
0.0001773834228515625
0.000148773193359375
0.00023484230041503906
0.00015497207641601562
0.000148773193359375
0.0002231597900390625
0.00027060508728027344
0.00014448165893554688
0.00018286705017089844
0.00014829635620117188
0.000156402587890625
0.00017261505126953125
0.00021147727966308594
0.0001804828643798828
0.00015091896057128906
0.0001862049102783203
0.00016808509826660156
0.00018405914306640625
0.0001811981201171875
0.00018644332885742188
0.0002224445343017578
0.00018358230590820312
0.0001704692840576172
0.00016808509826660156
0.00020694732666015625
0.00016570091247558594
0.00016570091247558594
0.0001685619354248047
0.0001590251922607422
0.00015211105346679688
0.0002582073211669922
0.00017833709716796875
0.00016760826110839844
0.00016069412231445312
0.00016617774963378906
0.0001575946807861328
0.0002155303955078125
0.00018858909606933594
0.00015735626220703125
0.00016236305236816406
0.0001533031463623047
0.00015425682067871094
0.0001628398895263672
0.00018453598022460938
0.00025725364685058594
0.00020503997802734375
0.00016546249389648438
0.00016450881958007812
0.0001583099365234375
0.00016164779663085938
0.00018978118896484375
0.00017023086547851562
0.00015425682067871094
0.00017499923706054688
0.00020456314086914062
0.0002224445343017578
0.00015401840209960938
0.00015425682067871094
0.00018835067749023438
0.000141143798828125
0.00014638900756835938
0.00014400482177734375
0.0001666545867919922
0.00015163421630859375
0.00022077560424804688
0.00021910667419433594
0.00017952919006347656
0.00016999244689941406
0.0002040863037109375
0.0002276897430419922
0.0001659393310546875
0.00021505355834960938
0.0002033710479736328
0.00017261505126953125
0.00016164779663085938
0.00015234947204589844
0.00016045570373535156
0.000156402587890625
0.00022745132446289062
0.00025391578674316406
0.0001842975616455078
0.0002655982971191406
0.0002608299255371094
0.00015854835510253906
0.0001628398895263672
0.0003342628479003906
Moyenne : 0.00018121957778930665